No.	|	Object Name	|	RA	|	DEC	|	Type	|	Velocity	|	Redshift	|	Redshift Flag	|	Magnitude and Filter	|	Separation	|	References	|	Notes	|	Photometry Points	|	Positions	|	Redshift Points	|	Diameter Points	|	Associations
1	|	NGC 1275	|	 49.95067 	|	  41.51170 	|	G	|	  5264	|	 0.017559 	|	    	|	11.8B	|	  0.000	|	1867	|	47	|	527	|	83	|	52	|	8	|	0
3	|	2MASXi J0319419+412957	|	 49.92479 	|	  41.49950 	|	G	|	  5041	|	 0.016814 	|	SPEC	|	17.56	|	  1.374	|	6	|	0	|	16	|	4	|	3	|	0	|	0
4	|	2MASX J03195122+4132072	|	 49.96350 	|	  41.53536 	|	G	|	  5821	|	 0.019417 	|	    	|	17.7 	|	  1.532	|	6	|	0	|	29	|	4	|	0	|	2	|	1
5	|	2MASXi J0319555+413123	|	 49.98137 	|	  41.52311 	|	G	|	  5486	|	 0.018300 	|	    	|	16.2:	|	  1.540	|	10	|	1	|	12	|	4	|	0	|	0	|	0
6	|	ABELL 0426:[CGW2003] 45	|	 49.92375 	|	  41.48806 	|	G	|	  3120	|	 0.010407 	|	    	|	18.7B	|	  1.864	|	5	|	0	|	3	|	1	|	2	|	0	|	0
7	|	SA 0426-030	|	 49.93125 	|	  41.48136 	|	G	|	  2886	|	 0.009627 	|	    	|	20.8B	|	  2.018	|	4	|	0	|	2	|	0	|	1	|	0	|	0
8	|	2MASX J03195247+4132592	|	 49.96867 	|	  41.54981 	|	G	|	  6206	|	 0.020700 	|	    	|	16.9:	|	  2.425	|	6	|	1	|	23	|	4	|	0	|	2	|	0
9	|	2MASX J03193731+4129090	|	 49.90537 	|	  41.48594 	|	G	|	  6661	|	 0.022219 	|	    	|	16.5:	|	  2.555	|	11	|	1	|	31	|	6	|	2	|	2	|	0
10	|	NGC 1274	|	 49.91896 	|	  41.54864 	|	G	|	  6413	|	 0.021391 	|	    	|	15.12	|	  2.635	|	50	|	3	|	38	|	15	|	10	|	7	|	0
11	|	V Zw 338	|	 50.01137 	|	  41.50957 	|	G	|	  4827	|	 0.016100 	|	    	|	17.6 	|	  2.731	|	6	|	1	|	1	|	0	|	1	|	0	|	1
12	|	2MASX J03200271+4130333	|	 50.01138 	|	  41.50931 	|	G	|	  5034	|	 0.016791 	|	SPEC	|	     	|	  2.731	|	0	|	0	|	25	|	4	|	2	|	2	|	3
13	|	ABELL 0426:[PC2008] 54	|	 49.95250 	|	  41.55794 	|	G	|	  3363	|	 0.011218 	|	    	|	19.7B	|	  2.776	|	1	|	0	|	2	|	0	|	1	|	0	|	0
14	|	NGC 1279	|	 49.99612 	|	  41.47953 	|	G	|	  7285	|	 0.024300 	|	    	|	15.5 	|	  2.810	|	19	|	1	|	22	|	4	|	2	|	2	|	0
15	|	NGC 1278	|	 49.97563 	|	  41.56339 	|	G	|	  6090	|	 0.020314 	|	    	|	13.57	|	  3.298	|	86	|	6	|	40	|	17	|	13	|	7	|	0
16	|	2MASX J03194386+4127251	|	 49.93267 	|	  41.45697 	|	G	|	  3937	|	 0.013132 	|	    	|	14.96	|	  3.382	|	16	|	0	|	34	|	8	|	5	|	2	|	0
17	|	V Zw 339	|	 50.00362 	|	  41.55375 	|	G	|	  5186	|	 0.017300 	|	    	|	16.3 	|	  3.468	|	22	|	1	|	30	|	9	|	6	|	2	|	0
18	|	RSCG 21	|	 49.90266 	|	  41.56081 	|	GGroup	|	  5096	|	 0.017000 	|	    	|	     	|	  3.651	|	3	|	0	|	0	|	2	|	0	|	0	|	0
19	|	2MASS J03193364+4133128	|	 49.89020 	|	  41.55355 	|	IrS	|	  5133	|	 0.017121 	|	SPEC	|	     	|	  3.699	|	1	|	0	|	16	|	4	|	2	|	0	|	0
20	|	NGC 1277	|	 49.96454 	|	  41.57353 	|	G	|	  5066	|	 0.016898 	|	    	|	14.66	|	  3.762	|	73	|	4	|	40	|	17	|	14	|	7	|	0
21	|	2MASX J03194466+4126472	|	 49.93604 	|	  41.44644 	|	G	|	  3963	|	 0.013219 	|	    	|	16.9:	|	  3.970	|	13	|	2	|	30	|	6	|	3	|	2	|	0
22	|	NGC 1273	|	 49.86142 	|	  41.54053 	|	G	|	  5387	|	 0.017969 	|	    	|	14.27	|	  4.366	|	75	|	4	|	46	|	14	|	11	|	6	|	0
23	|	2MASS J03192305+4129282	|	 49.84609 	|	  41.49117 	|	G	|	  3702	|	 0.012347 	|	SPEC	|	     	|	  4.858	|	1	|	0	|	6	|	3	|	2	|	0	|	0
24	|	CGCG 540-101	|	 49.89263 	|	  41.58056 	|	G	|	  4500	|	 0.015010 	|	    	|	15.42	|	  4.885	|	47	|	2	|	32	|	13	|	9	|	4	|	0
25	|	2MASX J03194782+4135472	|	 49.94917 	|	  41.59634 	|	G	|	  7450	|	 0.024851 	|	    	|	15.5 	|	  5.079	|	27	|	1	|	28	|	11	|	10	|	3	|	0
26	|	NGC 1272	|	 49.83871 	|	  41.49064 	|	G	|	  3815	|	 0.012725 	|	    	|	12.86	|	  5.187	|	96	|	5	|	43	|	16	|	15	|	7	|	1
27	|	GALEXMSC J031926.90+412716.9  	|	 49.86292 	|	  41.45447 	|	G	|	  4151	|	 0.013846 	|	    	|	18.4B	|	  5.229	|	5	|	0	|	6	|	2	|	2	|	0	|	0
28	|	ABELL 0426:[CGW2003] 39	|	 49.88083 	|	  41.44131 	|	G	|	  6421	|	 0.021418 	|	    	|	18.7B	|	  5.262	|	5	|	0	|	2	|	1	|	2	|	0	|	0
29	|	ABELL 0426:[CGW2003] 31	|	 49.83833 	|	  41.47847 	|	G	|	  8662	|	 0.028893 	|	    	|	20.7B	|	  5.428	|	2	|	0	|	2	|	0	|	1	|	0	|	0
30	|	2MASX J03194292+4136031	|	 49.92875 	|	  41.60078 	|	G	|	  3331	|	 0.011111 	|	    	|	17.5 	|	  5.435	|	6	|	0	|	25	|	4	|	2	|	2	|	0
31	|	SSTSL2 J031946.08+412451.5	|	 49.94208 	|	  41.41422 	|	G	|	  8457	|	 0.028209 	|	    	|	21.4B	|	  5.861	|	2	|	0	|	9	|	1	|	1	|	0	|	0
32	|	2MASX J03195290+4136312	|	 49.97050 	|	  41.60869 	|	G	|	  5541	|	 0.018483 	|	SPEC	|	17.2 	|	  5.888	|	2	|	0	|	18	|	4	|	2	|	2	|	0
33	|	ABELL 0426:[CGW2003] 21	|	 49.80292 	|	  41.51047 	|	G	|	  8741	|	 0.029157 	|	    	|	21.6B	|	  6.639	|	2	|	0	|	2	|	0	|	1	|	0	|	0
34	|	WBL 097	|	 49.80207 	|	  41.51451 	|	GGroup	|	  5195	|	 0.017330 	|	    	|	     	|	  6.678	|	1	|	0	|	0	|	0	|	0	|	0	|	0
35	|	ABELL 0426:[CGW2003] 29	|	 49.82833 	|	  41.44233 	|	G	|	  5110	|	 0.017045 	|	    	|	20.9B	|	  6.897	|	3	|	0	|	2	|	0	|	1	|	0	|	0
36	|	2MASX J03192236+4125461	|	 49.84325 	|	  41.42942 	|	G	|	  5310	|	 0.017712 	|	    	|	16.0:	|	  6.906	|	13	|	1	|	23	|	5	|	3	|	2	|	0
37	|	ABELL 0426:[CGW2003] 20	|	 49.79333 	|	  41.49361 	|	G	|	  7325	|	 0.024434 	|	    	|	19.2B	|	  7.153	|	3	|	0	|	2	|	1	|	2	|	0	|	0
38	|	BGP 073	|	 50.11244 	|	  41.48303 	|	G	|	  5403	|	 0.018022 	|	    	|	16.4:	|	  7.471	|	4	|	1	|	0	|	0	|	0	|	0	|	0
39	|	2MASX J03193743+4137580	|	 49.90608 	|	  41.63283 	|	G	|	  8574	|	 0.028600 	|	    	|	15.8 	|	  7.539	|	16	|	0	|	25	|	6	|	6	|	3	|	0
40	|	2MASX J03202856+4129195	|	 50.11917 	|	  41.48881 	|	G	|	  5498	|	 0.018339 	|	    	|	14.55	|	  7.695	|	20	|	0	|	27	|	7	|	4	|	2	|	0
41	|	2MASX J03202936+4130525	|	 50.12233 	|	  41.51458 	|	G	|	  6621	|	 0.022085 	|	    	|	16.5:	|	  7.715	|	5	|	1	|	23	|	5	|	2	|	2	|	0
42	|	NGC 1281	|	 50.02546 	|	  41.63003 	|	G	|	  4300	|	 0.014343 	|	    	|	14.5 	|	  7.854	|	50	|	3	|	26	|	13	|	13	|	7	|	0
43	|	2MASX J03203087+4130325	|	 50.12871 	|	  41.50900 	|	G	|	  4484	|	 0.014957 	|	    	|	16.0:	|	  8.001	|	13	|	1	|	23	|	3	|	0	|	2	|	0
44	|	2MASX J03193765+4122490	|	 49.90679 	|	  41.38019 	|	G	|	  5505	|	 0.018363 	|	SPEC	|	18.1 	|	  8.133	|	2	|	0	|	15	|	2	|	1	|	2	|	0
45	|	UGC 02665	|	 49.86404 	|	  41.63531 	|	G	|	  7806	|	 0.026038 	|	    	|	15.0 	|	  8.374	|	31	|	2	|	33	|	8	|	7	|	7	|	0
46	|	NGC 1283	|	 50.06467 	|	  41.39867 	|	G	|	  6727	|	 0.022439 	|	    	|	14.73	|	  8.501	|	57	|	3	|	39	|	11	|	9	|	7	|	0
47	|	NSA 133302	|	 49.76987 	|	  41.46925 	|	G	|	  4027	|	 0.013433 	|	    	|	16.69	|	  8.515	|	8	|	0	|	2	|	1	|	2	|	0	|	1
48	|	2MASX J03190242+4133011	|	 49.76008 	|	  41.55028 	|	G	|	  4227	|	 0.014100 	|	    	|	16.6:	|	  8.868	|	9	|	0	|	19	|	4	|	3	|	2	|	0
49	|	ABELL 0426:[CGW2003] 16	|	 49.77500 	|	  41.43853 	|	G	|	  6577	|	 0.021938 	|	    	|	19.7B	|	  9.035	|	3	|	0	|	2	|	0	|	1	|	0	|	0
50	|	ABELL 0426:[CGW2003] 10	|	 49.75167 	|	  41.48400 	|	G	|	  5845	|	 0.019497 	|	    	|	20.2B	|	  9.096	|	2	|	0	|	2	|	0	|	1	|	0	|	0
51	|	2MASX J03203300+4134265	|	 50.13746 	|	  41.57408 	|	G	|	  3163	|	 0.010551 	|	SPEC	|	11.5K	|	  9.186	|	6	|	0	|	15	|	2	|	1	|	2	|	1
52	|	NGC 1270	|	 49.74229 	|	  41.47001 	|	G	|	  4965	|	 0.016561 	|	    	|	14.26	|	  9.694	|	87	|	6	|	44	|	25	|	24	|	7	|	0
53	|	NGC 1282	|	 50.05050 	|	  41.36700 	|	G	|	  2139	|	 0.007135 	|	    	|	13.87	|	  9.774	|	79	|	5	|	39	|	18	|	14	|	7	|	0
54	|	2MASX J03191772+4138391	|	 49.82392 	|	  41.64428 	|	G	|	  6211	|	 0.020718 	|	    	|	15.95	|	  9.780	|	27	|	1	|	29	|	8	|	9	|	3	|	0
55	|	MCG +07-07-070	|	 50.09175 	|	  41.64072 	|	G	|	  3749	|	 0.012505 	|	    	|	15.5 	|	 10.002	|	16	|	0	|	25	|	6	|	5	|	4	|	0
56	|	[TSK2008] 0344	|	 50.05942 	|	  41.36307 	|	GGroup	|	  2200	|	 0.007338 	|	    	|	     	|	 10.171	|	1	|	0	|	0	|	0	|	1	|	0	|	0
57	|	2MASX J03202094+4122254	|	 50.08733 	|	  41.37372 	|	G	|	  7020	|	 0.023416 	|	    	|	16.3:	|	 10.311	|	13	|	1	|	15	|	4	|	3	|	2	|	0
58	|	2MASX J03201009+4121043	|	 50.04217 	|	  41.35117 	|	G	|	  2069	|	 0.006901 	|	    	|	16.2 	|	 10.474	|	5	|	0	|	27	|	5	|	2	|	2	|	0
59	|	2MASX J03190207+4137121	|	 49.75879 	|	  41.61997 	|	G	|	  5549	|	 0.018510 	|	SPEC	|	17.8 	|	 10.789	|	2	|	0	|	19	|	4	|	2	|	2	|	0
60	|	2MASX J03194021+4119450	|	 49.91754 	|	  41.32919 	|	G	|	  6170	|	 0.020581 	|	    	|	16.3 	|	 11.051	|	9	|	0	|	23	|	5	|	2	|	2	|	0
61	|	2MASX J03201737+4120562	|	 50.07246 	|	  41.34892 	|	G	|	  5235	|	 0.017462 	|	    	|	16.32	|	 11.199	|	7	|	0	|	23	|	6	|	3	|	2	|	0
62	|	NGC 1271	|	 49.79700 	|	  41.35325 	|	G	|	  5751	|	 0.019183 	|	    	|	15.1 	|	 11.754	|	37	|	2	|	30	|	13	|	9	|	3	|	0
63	|	2MASX J03184479+4130411	|	 49.68667 	|	  41.51142 	|	G	|	  7177	|	 0.023940 	|	SPEC	|	17.5 	|	 11.861	|	2	|	0	|	18	|	4	|	2	|	2	|	0
64	|	NGC 1268	|	 49.68817 	|	  41.48869 	|	G	|	  3263	|	 0.010884 	|	    	|	14.2 	|	 11.876	|	46	|	4	|	27	|	11	|	7	|	7	|	0
65	|	LCSB S0532P	|	 49.74154 	|	  41.63506 	|	G	|	  4089	|	 0.013638 	|	SPEC	|	17.3 	|	 11.954	|	5	|	0	|	18	|	4	|	2	|	2	|	0
66	|	2MASX J03204218+4124145	|	 50.17575 	|	  41.40400 	|	G	|	  3669	|	 0.012238 	|	    	|	16.5:	|	 12.008	|	10	|	1	|	19	|	4	|	3	|	2	|	0
67	|	NGC 1267	|	 49.68717 	|	  41.46772 	|	G	|	  5059	|	 0.016875 	|	    	|	15.4 	|	 12.133	|	44	|	5	|	31	|	13	|	9	|	6	|	0
68	|	2MASX J03184738+4125421	|	 49.69746 	|	  41.42839 	|	G	|	  5986	|	 0.019967 	|	    	|	16.7 	|	 12.433	|	6	|	0	|	15	|	4	|	2	|	2	|	0
69	|	2MASX J03195296+4118082	|	 49.97071 	|	  41.30233 	|	G	|	  3627	|	 0.012100 	|	    	|	14.7 	|	 12.594	|	16	|	1	|	25	|	5	|	3	|	2	|	0
70	|	2MASX J03205074+4136015	|	 50.21133 	|	  41.60042 	|	G	|	  5306	|	 0.017700 	|	    	|	15.5:	|	 12.857	|	19	|	1	|	24	|	7	|	7	|	2	|	0
71	|	2MASX J03185112+4123321	|	 49.71296 	|	  41.39228 	|	G	|	  6185	|	 0.020630 	|	SPEC	|	17.5 	|	 12.869	|	2	|	0	|	17	|	3	|	1	|	2	|	0
72	|	2MASX J03205776+4130229	|	 50.24082 	|	  41.50638 	|	G	|	  4965	|	 0.016561 	|	    	|	15.33	|	 13.041	|	16	|	0	|	16	|	4	|	3	|	2	|	1
73	|	2MASX J03205658+4126205	|	 50.23575 	|	  41.43892 	|	G	|	  6027	|	 0.020104 	|	SPEC	|	     	|	 13.539	|	1	|	0	|	15	|	2	|	1	|	2	|	0
74	|	CGCG 540-089	|	 49.64983 	|	  41.47722 	|	G	|	  3342	|	 0.011148 	|	    	|	15.7 	|	 13.677	|	18	|	0	|	16	|	4	|	1	|	2	|	0
75	|	2MASX J03210041+4133449	|	 50.25174 	|	  41.56247 	|	G	|	  4821	|	 0.016081 	|	    	|	15.1:	|	 13.860	|	16	|	1	|	15	|	6	|	5	|	2	|	1
76	|	2MASX J03194454+4116411	|	 49.93563 	|	  41.27808 	|	G	|	  5398	|	 0.018006 	|	    	|	15.3 	|	 14.033	|	16	|	0	|	20	|	3	|	3	|	3	|	0
77	|	2MASX J03204928+4122145	|	 50.20542 	|	  41.37069 	|	G	|	  4950	|	 0.016511 	|	    	|	15.6:	|	 14.243	|	19	|	1	|	23	|	7	|	5	|	2	|	0
78	|	2MASX J03201328+4117122	|	 50.05533 	|	  41.28681 	|	G	|	  7077	|	 0.023606 	|	    	|	17.3:	|	 14.292	|	6	|	1	|	23	|	6	|	2	|	2	|	0
79	|	2MASX J03210424+4133199	|	 50.26767 	|	  41.55558 	|	G	|	  4540	|	 0.015144 	|	    	|	16.8 	|	 14.479	|	4	|	0	|	23	|	3	|	0	|	2	|	0
80	|	2MASX J03210142+4126039	|	 50.25583 	|	  41.43444 	|	G	|	  4001	|	 0.013347 	|	SPEC	|	     	|	 14.481	|	1	|	0	|	15	|	3	|	2	|	2	|	1
81	|	2MASX J03194676+4116132	|	 49.94488 	|	  41.27036 	|	G	|	  4576	|	 0.015265 	|	SPEC	|	17.1 	|	 14.482	|	2	|	0	|	15	|	2	|	1	|	2	|	0
82	|	2MASX J03185824+4142091	|	 49.74275 	|	  41.70247 	|	G	|	  4247	|	 0.014166 	|	    	|	15.8:	|	 14.766	|	20	|	1	|	23	|	7	|	6	|	2	|	0
83	|	2MASX J03210223+4124339	|	 50.25929 	|	  41.40944 	|	G	|	  4975	|	 0.016595 	|	    	|	16.1:	|	 15.173	|	13	|	1	|	23	|	5	|	4	|	2	|	0
84	|	2MFGC 02743	|	 50.13742 	|	  41.73233 	|	G	|	  7314	|	 0.024397 	|	    	|	16.9:	|	 15.666	|	5	|	1	|	23	|	4	|	1	|	2	|	0
85	|	UGC 02673	|	 50.00688 	|	  41.25117 	|	G	|	  4434	|	 0.014790 	|	    	|	14.6 	|	 15.835	|	33	|	2	|	28	|	10	|	7	|	6	|	0
86	|	2MASX J03183887+4140080	|	 49.66204 	|	  41.66892 	|	G	|	  4319	|	 0.014407 	|	    	|	16.6:	|	 16.023	|	8	|	1	|	27	|	6	|	3	|	2	|	0
87	|	2MFGC 02715	|	 49.64737 	|	  41.66700 	|	G	|	  7650	|	 0.025518 	|	    	|	15.9:	|	 16.495	|	10	|	1	|	29	|	5	|	2	|	2	|	0
88	|	2MASX J03182094+4127487	|	 49.58704 	|	  41.46353 	|	G	|	  4933	|	 0.016455 	|	    	|	15.92	|	 16.597	|	15	|	0	|	15	|	2	|	1	|	2	|	0
89	|	2MASX J03181889+4128097	|	 49.57875 	|	  41.46931 	|	G	|	  3544	|	 0.011821 	|	    	|	16.1 	|	 16.908	|	16	|	1	|	21	|	6	|	7	|	3	|	0
90	|	2MASX J03203209+4145305	|	 50.13342 	|	  41.75861 	|	G	|	  5012	|	 0.016718 	|	    	|	16.7:	|	 16.930	|	8	|	1	|	19	|	3	|	3	|	2	|	0
91	|	CGCG 540-087	|	 49.59363 	|	  41.40969 	|	G	|	  6468	|	 0.021575 	|	    	|	15.3 	|	 17.181	|	31	|	1	|	31	|	12	|	10	|	2	|	0
92	|	2MASX J03204603+4144055	|	 50.19171 	|	  41.73492 	|	G	|	  5359	|	 0.017876 	|	    	|	16.8 	|	 17.212	|	7	|	1	|	19	|	3	|	1	|	2	|	0
93	|	CGCG 540-113	|	 50.33675 	|	  41.46003 	|	G	|	  4411	|	 0.014714 	|	    	|	15.1 	|	 17.628	|	20	|	0	|	25	|	9	|	7	|	2	|	0
94	|	2MASX J03190434+4113581	|	 49.76804 	|	  41.23283 	|	G	|	  5481	|	 0.018283 	|	    	|	17.67	|	 18.643	|	7	|	0	|	15	|	2	|	2	|	2	|	0
95	|	2MASX J03212883+4132129	|	 50.37004 	|	  41.53694 	|	G	|	  5944	|	 0.019827 	|	    	|	16.1 	|	 18.899	|	11	|	1	|	23	|	3	|	1	|	2	|	0
96	|	2MASX J03182768+4119167	|	 49.61525 	|	  41.32131 	|	G	|	  5632	|	 0.018787 	|	SPEC	|	     	|	 18.928	|	1	|	0	|	18	|	3	|	1	|	2	|	0
97	|	2MASX J03203393+4113185	|	 50.14146 	|	  41.22178 	|	G	|	  6819	|	 0.022747 	|	SPEC	|	18.0 	|	 19.401	|	2	|	0	|	15	|	2	|	1	|	2	|	0
98	|	2MASX J03213127+4132509	|	 50.38029 	|	  41.54747 	|	G	|	  3862	|	 0.012881 	|	SPEC	|	     	|	 19.416	|	1	|	0	|	19	|	3	|	1	|	2	|	0
99	|	2MASX J03181800+4140307	|	 49.57500 	|	  41.67525 	|	G	|	  4848	|	 0.016171 	|	    	|	17.1:	|	 19.505	|	9	|	1	|	25	|	6	|	3	|	2	|	0
100	|	2MASXi J0318058+413452	|	 49.52450 	|	  41.58133 	|	G	|	  5754	|	 0.019193 	|	SPEC	|	18.4 	|	 19.588	|	2	|	0	|	9	|	3	|	1	|	0	|	0
101	|	2MASX J03200718+4149583	|	 50.03000 	|	  41.83283 	|	G	|	  4240	|	 0.014143 	|	    	|	16.1 	|	 19.594	|	9	|	0	|	19	|	3	|	1	|	2	|	0
102	|	CGCG 540-115	|	 50.39258 	|	  41.50617 	|	G	|	  7036	|	 0.023470 	|	    	|	15.6 	|	 19.859	|	21	|	1	|	29	|	8	|	3	|	2	|	0
103	|	2MASX J03185439+4148111	|	 49.72675 	|	  41.80308 	|	G	|	  4463	|	 0.014887 	|	    	|	17.0:	|	 20.160	|	8	|	1	|	14	|	2	|	2	|	2	|	0
104	|	2MASX J03183170+4116259	|	 49.63204 	|	  41.27397 	|	G	|	  5319	|	 0.017742 	|	    	|	16.6:	|	 20.227	|	8	|	1	|	23	|	4	|	2	|	2	|	0
105	|	NGC 1264	|	 49.49821 	|	  41.52028 	|	G	|	  3246	|	 0.010827 	|	    	|	16.0 	|	 20.334	|	23	|	1	|	22	|	7	|	5	|	5	|	1
106	|	2MASX J03195520+4110212	|	 49.97996 	|	  41.17258 	|	G	|	  4902	|	 0.016350 	|	SPEC	|	17.9 	|	 20.390	|	2	|	0	|	19	|	4	|	2	|	2	|	0
107	|	2MASX J03180178+4135337	|	 49.50738 	|	  41.59269 	|	G	|	  4227	|	 0.014100 	|	    	|	16.8:	|	 20.489	|	8	|	1	|	15	|	2	|	2	|	2	|	0
108	|	2MASX J03175762+4129496	|	 49.49000 	|	  41.49722 	|	G	|	  4741	|	 0.015814 	|	    	|	16.6 	|	 20.718	|	12	|	0	|	26	|	7	|	3	|	2	|	0
109	|	NGC 1293	|	 50.40191 	|	  41.39282 	|	G	|	  4173	|	 0.013920 	|	    	|	14.50	|	 21.509	|	53	|	3	|	29	|	13	|	10	|	6	|	0
110	|	2MASX J03182297+4116077	|	 49.59575 	|	  41.26886 	|	G	|	  3987	|	 0.013300 	|	    	|	17.0:	|	 21.622	|	7	|	0	|	15	|	1	|	0	|	2	|	0
111	|	2MASX J03210882+4115109	|	 50.28688 	|	  41.25303 	|	G	|	  4754	|	 0.015858 	|	    	|	17.1 	|	 21.679	|	6	|	0	|	18	|	5	|	3	|	2	|	0
112	|	2MASX J03181640+4144057	|	 49.56846 	|	  41.73492 	|	G	|	  6685	|	 0.022299 	|	    	|	16.0:	|	 21.754	|	13	|	1	|	15	|	2	|	1	|	2	|	0
113	|	2MASX J03193592+4109041	|	 49.89963 	|	  41.15111 	|	G	|	  5851	|	 0.019517 	|	    	|	16.1 	|	 21.757	|	10	|	0	|	23	|	4	|	1	|	2	|	0
114	|	CGCG 540-085	|	 49.46289 	|	  41.45077 	|	G	|	  4370	|	 0.014577 	|	    	|	15.0 	|	 22.228	|	36	|	0	|	30	|	10	|	7	|	3	|	0
115	|	2MASS J03213780+4121280	|	 50.40754 	|	  41.35779 	|	G	|	  6459	|	 0.021546 	|	SPEC	|	     	|	 22.531	|	0	|	0	|	6	|	2	|	1	|	0	|	0
116	|	NGC 1294	|	 50.41650 	|	  41.36056 	|	G	|	  6585	|	 0.021965 	|	    	|	14.3 	|	 22.832	|	33	|	4	|	29	|	9	|	6	|	7	|	0
117	|	2MASX J03191458+4108291	|	 49.81079 	|	  41.14144 	|	G	|	  8053	|	 0.026862 	|	    	|	15.3 	|	 23.092	|	18	|	1	|	16	|	3	|	5	|	3	|	0
118	|	2MASX J03190715+4108330	|	 49.77983 	|	  41.14258 	|	G	|	  7899	|	 0.026349 	|	SPEC	|	16.2 	|	 23.446	|	2	|	0	|	23	|	4	|	1	|	2	|	0
119	|	IC 0312	|	 49.53587 	|	  41.75410 	|	G	|	  4978	|	 0.016605 	|	    	|	14.4 	|	 23.612	|	44	|	3	|	16	|	11	|	11	|	6	|	0
120	|	SDSS J031808.40+414515.6	|	 49.53502 	|	  41.75436 	|	G	|	  4946	|	 0.016498 	|	SPEC	|	     	|	 23.652	|	0	|	0	|	0	|	1	|	1	|	0	|	0
121	|	SDSS J031808.40+414515.7	|	 49.53501 	|	  41.75436 	|	G	|	  4923	|	 0.016422 	|	SPEC	|	     	|	 23.653	|	0	|	0	|	0	|	1	|	1	|	0	|	0
122	|	2MASX J03180070+4117567	|	 49.50288 	|	  41.29906 	|	G	|	  4209	|	 0.014040 	|	SPEC	|	17.5 	|	 23.851	|	2	|	0	|	18	|	3	|	1	|	2	|	0
123	|	2MASX J03215746+4133080	|	 50.48946 	|	  41.55219 	|	G	|	  5813	|	 0.019390 	|	    	|	17.0 	|	 24.322	|	5	|	0	|	19	|	3	|	1	|	2	|	0
124	|	2MASS J03181307+4148087	|	 49.55456 	|	  41.80243 	|	UvS	|	  4835	|	 0.016127 	|	SPEC	|	     	|	 24.892	|	1	|	0	|	11	|	4	|	1	|	0	|	0
125	|	2MASX J03180647+4147567	|	 49.52696 	|	  41.79917 	|	G	|	  7992	|	 0.026658 	|	SPEC	|	     	|	 25.657	|	1	|	0	|	23	|	5	|	2	|	2	|	0
126	|	2MASX J03173200+4124425	|	 49.38333 	|	  41.41175 	|	G	|	  5957	|	 0.019870 	|	    	|	16.7:	|	 26.205	|	11	|	1	|	19	|	3	|	2	|	2	|	0
127	|	2MASX J03191203+4105211	|	 49.80013 	|	  41.08922 	|	G	|	  5109	|	 0.017042 	|	    	|	14.10	|	 26.241	|	21	|	0	|	23	|	4	|	1	|	2	|	0
128	|	2MASX J03172790+4129165	|	 49.36625 	|	  41.48797 	|	G	|	  4677	|	 0.015600 	|	    	|	16.0:	|	 26.301	|	15	|	1	|	19	|	4	|	3	|	2	|	0
129	|	IC 0313	|	 50.24125 	|	  41.89383 	|	G	|	  4432	|	 0.014784 	|	    	|	15.1 	|	 26.366	|	38	|	3	|	24	|	13	|	10	|	7	|	0
130	|	2MASX J03181953+4151218	|	 49.58133 	|	  41.85603 	|	G	|	  8493	|	 0.028330 	|	    	|	17.0 	|	 26.471	|	6	|	0	|	26	|	5	|	1	|	2	|	0
131	|	2MASX J03220908+4127029	|	 50.53783 	|	  41.45078 	|	G	|	  6056	|	 0.020200 	|	    	|	17.1 	|	 26.645	|	4	|	0	|	19	|	3	|	1	|	2	|	0
132	|	2MASX J03172788+4136465	|	 49.36629 	|	  41.61297 	|	G	|	  6135	|	 0.020464 	|	    	|	15.9:	|	 26.929	|	12	|	1	|	23	|	3	|	1	|	2	|	0
133	|	2MASX J03190609+4104571	|	 49.77537 	|	  41.08256 	|	G	|	  8391	|	 0.027989 	|	    	|	14.15	|	 26.934	|	19	|	0	|	15	|	1	|	2	|	2	|	0
134	|	NGC 1265	|	 49.56527 	|	  41.85775 	|	G	|	  7536	|	 0.025137 	|	    	|	13.22	|	 27.006	|	309	|	14	|	70	|	16	|	13	|	5	|	0
135	|	NGC 1260	|	 49.36351 	|	  41.40522 	|	G	|	  5753	|	 0.019190 	|	    	|	14.32	|	 27.164	|	124	|	4	|	36	|	11	|	7	|	7	|	0
136	|	2MASS J03215637+4117540	|	 50.48488 	|	  41.29842 	|	G	|	  4899	|	 0.016341 	|	SPEC	|	17.6 	|	 27.235	|	2	|	0	|	6	|	3	|	2	|	0	|	1
137	|	MCG +07-07-048	|	 49.37198 	|	  41.37581 	|	G	|	  6446	|	 0.021500 	|	    	|	17   	|	 27.274	|	18	|	1	|	15	|	2	|	2	|	3	|	0
138	|	2MASX J03194584+4158352	|	 49.94108 	|	  41.97644 	|	G	|	  4869	|	 0.016241 	|	    	|	16.0 	|	 27.888	|	7	|	0	|	22	|	4	|	2	|	2	|	0
139	|	2MASX J03173289+4117495	|	 49.38704 	|	  41.29703 	|	G	|	  5836	|	 0.019467 	|	    	|	16.5:	|	 28.448	|	6	|	1	|	19	|	3	|	1	|	2	|	0
140	|	2MASX J03221922+4126439	|	 50.58017 	|	  41.44547 	|	G	|	  6057	|	 0.020204 	|	    	|	17.1 	|	 28.575	|	5	|	0	|	22	|	4	|	1	|	2	|	0
141	|	2MASX J03171766+4125172	|	 49.32367 	|	  41.42147 	|	G	|	  6246	|	 0.020834 	|	SPEC	|	17.4 	|	 28.705	|	2	|	0	|	19	|	3	|	1	|	2	|	0
142	|	2MASX J03215149+4147500	|	 50.46454 	|	  41.79725 	|	G	|	  5847	|	 0.019503 	|	    	|	16.7 	|	 28.710	|	5	|	0	|	23	|	4	|	2	|	2	|	0
143	|	2MASS J03212427+4108088	|	 50.35129 	|	  41.13592 	|	G	|	  6171	|	 0.020584 	|	SPEC	|	18.3 	|	 28.883	|	2	|	0	|	6	|	2	|	1	|	0	|	0
144	|	2MASX J03190350+4158269	|	 49.76463 	|	  41.97417 	|	G	|	  4615	|	 0.015394 	|	    	|	16.04	|	 28.971	|	6	|	0	|	19	|	4	|	2	|	2	|	0
145	|	UGC 02656	|	 49.68121 	|	  41.07252 	|	G	|	  5487	|	 0.018303 	|	    	|	16.0 	|	 29.016	|	18	|	2	|	23	|	7	|	3	|	5	|	0
146	|	NGC 1259	|	 49.32200 	|	  41.38549 	|	G	|	  5816	|	 0.019400 	|	    	|	16   	|	 29.270	|	42	|	2	|	23	|	7	|	5	|	3	|	0
147	|	2MASX J03171358+4126082	|	 49.30667 	|	  41.43556 	|	G	|	  5081	|	 0.016948 	|	    	|	16.6:	|	 29.310	|	17	|	1	|	19	|	4	|	2	|	2	|	0
148	|	2MASX J03222447+4128469	|	 50.60191 	|	  41.47986 	|	G	|	  5535	|	 0.018463 	|	    	|	15.47	|	 29.329	|	9	|	0	|	23	|	4	|	2	|	2	|	0
149	|	2MASX J03220983+4143389	|	 50.54104 	|	  41.72744 	|	G	|	  4163	|	 0.013886 	|	SPEC	|	16.9 	|	 29.475	|	2	|	0	|	23	|	4	|	1	|	2	|	0
150	|	2MASX J03171317+4139032	|	 49.30496 	|	  41.65094 	|	G	|	  6176	|	 0.020600 	|	    	|	16.0:	|	 30.160	|	18	|	1	|	15	|	4	|	3	|	2	|	0
151	|	2MASX J03195440+4200526	|	 49.97662 	|	  42.01464 	|	G	|	  4675	|	 0.015594 	|	    	|	16.3 	|	 30.199	|	5	|	0	|	23	|	4	|	2	|	2	|	0
152	|	IC 0316 NED01	|	 50.33313 	|	  41.92894 	|	G	|	  2882	|	 0.009613 	|	    	|	16   	|	 30.333	|	9	|	0	|	8	|	5	|	3	|	0	|	0
153	|	2MASX J03184727+4158500	|	 49.69700 	|	  41.98058 	|	G	|	  5244	|	 0.017493 	|	SPEC	|	17.3 	|	 30.339	|	2	|	0	|	18	|	3	|	1	|	2	|	0
154	|	IC 0316	|	 50.33292 	|	  41.93056 	|	GPair	|	  2994	|	 0.009987 	|	    	|	15.0 	|	 30.408	|	11	|	1	|	5	|	4	|	3	|	2	|	0
155	|	IC 0316 NED02	|	 50.33292 	|	  41.93192 	|	G	|	  3015	|	 0.010057 	|	    	|	15.0 	|	 30.475	|	24	|	1	|	17	|	6	|	4	|	5	|	0
156	|	2MASX J03175803+4154021	|	 49.49175 	|	  41.90056 	|	G	|	  7812	|	 0.026058 	|	    	|	16.6 	|	 31.096	|	5	|	0	|	22	|	4	|	1	|	2	|	0
157	|	CGCG 540-079	|	 49.26512 	|	  41.63364 	|	G	|	  7236	|	 0.024137 	|	    	|	15.0 	|	 31.630	|	23	|	1	|	25	|	9	|	5	|	2	|	1
158	|	2MASX J03183928+4159489	|	 49.66375 	|	  41.99703 	|	G	|	  8088	|	 0.026979 	|	    	|	17.09	|	 31.826	|	5	|	0	|	22	|	4	|	2	|	2	|	0
159	|	2MASX J03170202+4137582	|	 49.25842 	|	  41.63286 	|	G	|	  3716	|	 0.012394 	|	SPEC	|	     	|	 31.912	|	1	|	0	|	14	|	3	|	2	|	2	|	0
160	|	2MASX J03183683+4101090	|	 49.65354 	|	  41.01919 	|	G	|	  4622	|	 0.015416 	|	SPEC	|	16.8 	|	 32.446	|	2	|	0	|	19	|	3	|	1	|	2	|	0
161	|	UGC 02626	|	 49.24892 	|	  41.35653 	|	G	|	  6358	|	 0.021208 	|	    	|	15.50	|	 32.911	|	28	|	1	|	29	|	8	|	3	|	6	|	0
162	|	2MASX J03222170+4114299	|	 50.59046 	|	  41.24164 	|	G	|	  3846	|	 0.012830 	|	SPEC	|	16.5 	|	 33.050	|	2	|	0	|	18	|	3	|	1	|	2	|	0
163	|	LCSB S0541P	|	 50.33917 	|	  41.02450 	|	G	|	  5453	|	 0.018190 	|	SPEC	|	17.6 	|	 34.080	|	3	|	0	|	15	|	3	|	2	|	2	|	0
164	|	2MASX J03202564+4204137	|	 50.10688 	|	  42.07042 	|	G	|	  4691	|	 0.015649 	|	SPEC	|	17.7 	|	 34.244	|	2	|	0	|	15	|	2	|	1	|	2	|	0
165	|	UGC 02639	|	 49.46012 	|	  41.96758 	|	G	|	  4033	|	 0.013453 	|	    	|	15.3 	|	 35.079	|	24	|	2	|	27	|	8	|	3	|	5	|	0
166	|	2MASX J03172721+4155002	|	 49.36342 	|	  41.91667 	|	G	|	  5263	|	 0.017556 	|	SPEC	|	16.8 	|	 35.808	|	2	|	0	|	19	|	4	|	2	|	2	|	0
167	|	2MASX J03221984+4108529	|	 50.58279 	|	  41.14806 	|	G	|	  4961	|	 0.016548 	|	SPEC	|	17.3 	|	 35.877	|	2	|	0	|	15	|	3	|	2	|	2	|	0
168	|	2MASX J03210436+4057169	|	 50.26829 	|	  40.95475 	|	G	|	  4471	|	 0.014914 	|	SPEC	|	17.0 	|	 36.360	|	2	|	0	|	15	|	2	|	1	|	2	|	0
169	|	UGC 02672	|	 50.02146 	|	  40.90617 	|	G	|	  4297	|	 0.014333 	|	    	|	15.4 	|	 36.472	|	12	|	0	|	10	|	4	|	3	|	3	|	0
170	|	IC 0310	|	 49.17907 	|	  41.32497 	|	G	|	  5678	|	 0.018940 	|	    	|	13.89	|	 36.480	|	167	|	5	|	42	|	16	|	15	|	7	|	0
171	|	2MASX J03165120+4115212	|	 49.21337 	|	  41.25589 	|	G	|	  1665	|	 0.005554 	|	    	|	16.8 	|	 36.568	|	3	|	0	|	19	|	3	|	2	|	2	|	0
172	|	2MASX J03220261+4158250	|	 50.51092 	|	  41.97356 	|	G	|	  5805	|	 0.019363 	|	    	|	16.2 	|	 37.377	|	7	|	0	|	15	|	2	|	1	|	2	|	0
173	|	UGC 02621	|	 49.10892 	|	  41.53042 	|	G	|	  4747	|	 0.015834 	|	    	|	14.6 	|	 37.830	|	31	|	0	|	21	|	6	|	4	|	8	|	0
174	|	CGCG 540-074	|	 49.11467 	|	  41.62708 	|	G	|	  4969	|	 0.016575 	|	    	|	15.7 	|	 38.160	|	15	|	0	|	16	|	4	|	3	|	2	|	0
175	|	2MASX J03224602+4149587	|	 50.69183 	|	  41.83306 	|	G	|	  4725	|	 0.015762 	|	SPEC	|	17.1 	|	 38.408	|	2	|	0	|	15	|	2	|	1	|	2	|	0
176	|	2MFGC 02775	|	 50.72075 	|	  41.22992 	|	G	|	  6998	|	 0.023343 	|	    	|	16.5 	|	 38.576	|	9	|	0	|	15	|	3	|	3	|	2	|	0
177	|	2MASX J03214287+4202509	|	 50.42850 	|	  42.04772 	|	G	|	  5460	|	 0.018213 	|	SPEC	|	18.0 	|	 38.619	|	2	|	0	|	15	|	2	|	1	|	2	|	0
178	|	2MASX J03163712+4147215	|	 49.15471 	|	  41.78931 	|	G	|	  5360	|	 0.017880 	|	SPEC	|	17.5 	|	 39.381	|	2	|	0	|	15	|	3	|	2	|	2	|	0
179	|	2MASX J03210025+4208327	|	 50.25095 	|	  42.14224 	|	G	|	  5509	|	 0.018376 	|	    	|	15.99	|	 40.144	|	7	|	0	|	15	|	4	|	3	|	2	|	0
180	|	SDSS J032051.44+420956.3	|	 50.21434 	|	  42.16566 	|	G	|	  6918	|	 0.023077 	|	SPEC	|	     	|	 40.970	|	0	|	0	|	0	|	1	|	1	|	0	|	0
181	|	2MASX J03222930+4103009	|	 50.62229 	|	  41.05031 	|	G	|	  5174	|	 0.017259 	|	    	|	16.0:	|	 41.029	|	6	|	0	|	15	|	2	|	2	|	2	|	0
182	|	UGC 02642	|	 49.47983 	|	  40.92664 	|	G	|	  6155	|	 0.020531 	|	    	|	16.5 	|	 41.034	|	9	|	2	|	15	|	4	|	2	|	3	|	0
183	|	2MASX J03214217+4205549	|	 50.42575 	|	  42.09864 	|	G	|	  5536	|	 0.018466 	|	SPEC	|	17.1 	|	 41.130	|	2	|	0	|	15	|	2	|	1	|	2	|	0
184	|	2MASX J03232697+4124235	|	 50.86238 	|	  41.40647 	|	G	|	  4627	|	 0.015434 	|	    	|	16.2 	|	 41.479	|	4	|	0	|	15	|	1	|	1	|	2	|	0
185	|	2MASX J03224672+4156285	|	 50.69463 	|	  41.94122 	|	G	|	  6173	|	 0.020590 	|	SPEC	|	17.9 	|	 42.119	|	2	|	0	|	15	|	2	|	1	|	2	|	0
186	|	LCSB S0531P	|	 49.70583 	|	  40.82761 	|	G	|	  5930	|	 0.019779 	|	SPEC	|	16.9 	|	 42.509	|	3	|	0	|	15	|	2	|	1	|	2	|	0
187	|	2MASX J03162705+4110487	|	 49.11275 	|	  41.18019 	|	G	|	  4490	|	 0.014977 	|	SPEC	|	17.2 	|	 42.663	|	3	|	0	|	15	|	2	|	1	|	2	|	0
188	|	2MASX J03175285+4053504	|	 49.47021 	|	  40.89733 	|	G	|	  6297	|	 0.021005 	|	SPEC	|	17.8 	|	 42.769	|	3	|	0	|	15	|	2	|	1	|	2	|	0
189	|	IC 0308	|	 49.06596 	|	  41.18075 	|	G	|	  6292	|	 0.020988 	|	    	|	15.4 	|	 44.524	|	19	|	2	|	19	|	3	|	2	|	6	|	0
190	|	2MASX J03225058+4101397	|	 50.71083 	|	  41.02778 	|	G	|	  6087	|	 0.020303 	|	SPEC	|	18.1 	|	 44.924	|	2	|	0	|	15	|	3	|	2	|	2	|	0
191	|	UGC 02686	|	 50.25554 	|	  40.79775 	|	G	|	  6090	|	 0.020314 	|	    	|	16.0 	|	 44.996	|	15	|	0	|	15	|	3	|	1	|	5	|	0
192	|	2MASX J03155331+4119242	|	 48.97212 	|	  41.32333 	|	G	|	  5962	|	 0.019887 	|	SPEC	|	17.8 	|	 45.456	|	2	|	0	|	15	|	2	|	1	|	2	|	0
193	|	2MASX J03163444+4102506	|	 49.14354 	|	  41.04742 	|	G	|	  3844	|	 0.012822 	|	    	|	16.0 	|	 45.831	|	9	|	1	|	15	|	2	|	1	|	2	|	0
194	|	2MASX J03174508+4210522	|	 49.43750 	|	  42.18108 	|	G	|	  6218	|	 0.020741 	|	    	|	15.8 	|	 46.251	|	5	|	0	|	15	|	1	|	1	|	2	|	0
195	|	UGC 02664	|	 49.87521 	|	  40.74219 	|	G	|	  6067	|	 0.020237 	|	    	|	18.  	|	 46.296	|	8	|	0	|	2	|	2	|	1	|	3	|	0
196	|	UGC 02698	|	 50.51200 	|	  40.86389 	|	G	|	  6421	|	 0.021418 	|	    	|	13.9 	|	 46.402	|	31	|	2	|	20	|	14	|	14	|	6	|	0
197	|	2MASX J03235754+4131183	|	 50.98989 	|	  41.52187 	|	G	|	  5169	|	 0.017243 	|	SPEC	|	17.23	|	 46.691	|	4	|	0	|	15	|	3	|	1	|	2	|	0
198	|	2MASX J03155773+4112572	|	 48.99054 	|	  41.21592 	|	G	|	  5711	|	 0.019050 	|	    	|	16.3 	|	 46.736	|	5	|	0	|	15	|	1	|	0	|	2	|	0
199	|	2MASS J03220520+4210089	|	 50.52163 	|	  42.16942 	|	G	|	  5286	|	 0.017633 	|	SPEC	|	     	|	 46.997	|	0	|	0	|	4	|	2	|	1	|	0	|	0
200	|	2MASX J03235662+4138173	|	 50.98592 	|	  41.63822 	|	G	|	  5077	|	 0.016936 	|	SPEC	|	17.4 	|	 47.083	|	2	|	0	|	21	|	4	|	1	|	2	|	0
201	|	2MASX J03183055+4215321	|	 49.62725 	|	  42.25883 	|	G	|	  9196	|	 0.030673 	|	SPEC	|	18.4 	|	 47.098	|	2	|	0	|	15	|	2	|	1	|	2	|	0
202	|	UGC 02696	|	 50.52137 	|	  42.17203 	|	G	|	  5453	|	 0.018189 	|	    	|	15.5 	|	 47.122	|	27	|	2	|	20	|	6	|	3	|	5	|	0
203	|	2MASS J03220508+4210263	|	 50.52117 	|	  42.17436 	|	G	|	  5539	|	 0.018475 	|	SPEC	|	     	|	 47.235	|	0	|	0	|	8	|	3	|	1	|	0	|	0
204	|	2MASX J03235425+4141504	|	 50.97604 	|	  41.69742 	|	G	|	  6438	|	 0.021475 	|	SPEC	|	17.1 	|	 47.333	|	2	|	0	|	15	|	2	|	1	|	2	|	0
205	|	2MASX J03235094+4116575	|	 50.96229 	|	  41.28269 	|	G	|	  5083	|	 0.016954 	|	SPEC	|	16.8 	|	 47.559	|	2	|	0	|	15	|	2	|	1	|	2	|	0
206	|	2MASX J03163390+4201325	|	 49.14133 	|	  42.02572 	|	G	|	  4078	|	 0.013602 	|	SPEC	|	16.0 	|	 47.570	|	2	|	0	|	14	|	3	|	2	|	2	|	0
207	|	2MASS J03161106+4106067	|	 49.04600 	|	  41.10181 	|	G	|	  8713	|	 0.029063 	|	SPEC	|	18.6 	|	 47.617	|	2	|	0	|	6	|	2	|	1	|	0	|	0
208	|	2MASX J03170749+4052522	|	 49.28117 	|	  40.88122 	|	G	|	  6597	|	 0.022005 	|	    	|	16.3 	|	 48.421	|	4	|	0	|	15	|	2	|	2	|	2	|	0
209	|	UGC 02616	|	 48.96683 	|	  41.85736 	|	G	|	  4687	|	 0.015634 	|	    	|	16.5 	|	 48.719	|	12	|	0	|	15	|	3	|	2	|	5	|	0
210	|	CGCG 540-090	|	 49.68583 	|	  42.30111 	|	GTrpl	|	  5882	|	 0.019620 	|	    	|	     	|	 48.819	|	9	|	0	|	1	|	3	|	1	|	1	|	1
211	|	UGC 02654	|	 49.67958 	|	  42.30058 	|	G	|	  5793	|	 0.019323 	|	    	|	14.2 	|	 48.857	|	28	|	2	|	18	|	3	|	4	|	5	|	1
212	|	2MASX J03224207+4054078	|	 50.67537 	|	  40.90233 	|	G	|	  6017	|	 0.020069 	|	SPEC	|	17.23	|	 49.060	|	3	|	0	|	15	|	4	|	2	|	2	|	0
